1 41.0000 49.0000
2 35.0000 17.0000
3 55.0000 45.0000
4 55.0000 20.0000
5 15.0000 30.0000
6 25.0000 30.0000
7 20.0000 50.0000
8 10.0000 43.0000
9 55.0000 60.0000
10 30.0000 60.0000
11 20.0000 65.0000
12 50.0000 35.0000
13 30.0000 25.0000
14 15.0000 10.0000
15 30.0000 5.0000
16 10.0000 20.0000
17 5.0000 30.0000
18 20.0000 40.0000
19 15.0000 60.0000
20 45.0000 65.0000
21 45.0000 20.0000
22 45.0000 10.0000
23 55.0000 5.0000
24 65.0000 35.0000
25 65.0000 20.0000
26 45.0000 30.0000
27 35.0000 40.0000
28 41.0000 37.0000
29 64.0000 42.0000
30 40.0000 60.0000
31 31.0000 52.0000
32 35.0000 69.0000
33 53.0000 52.0000
34 65.0000 55.0000
35 63.0000 65.0000
36 2.0000 60.0000
37 20.0000 20.0000
38 5.0000 5.0000
39 60.0000 12.0000
40 40.0000 25.0000
41 42.0000 7.0000
42 24.0000 12.0000
43 23.0000 3.0000
44 11.0000 14.0000
45 6.0000 38.0000
46 2.0000 48.0000
47 8.0000 56.0000
48 13.0000 52.0000
49 6.0000 68.0000
50 47.0000 47.0000
51 49.0000 58.0000
52 27.0000 43.0000
53 37.0000 31.0000
54 57.0000 29.0000
55 63.0000 23.0000
56 53.0000 12.0000
57 32.0000 12.0000
58 36.0000 26.0000
59 21.0000 24.0000
60 17.0000 34.0000
61 12.0000 24.0000
62 24.0000 58.0000
63 27.0000 69.0000
64 15.0000 77.0000
65 62.0000 77.0000
66 49.0000 73.0000
67 67.0000 5.0000
68 56.0000 39.0000
69 37.0000 47.0000
70 37.0000 56.0000
71 57.0000 68.0000
72 47.0000 16.0000
73 44.0000 17.0000
74 46.0000 13.0000
75 49.0000 11.0000
76 49.0000 42.0000
77 53.0000 43.0000
78 61.0000 52.0000
79 57.0000 48.0000
80 56.0000 37.0000
81 55.0000 54.0000
82 15.0000 47.0000
83 14.0000 37.0000
84 11.0000 31.0000
85 16.0000 22.0000
86 4.0000 18.0000
87 28.0000 18.0000
88 26.0000 52.0000
89 26.0000 35.0000
90 31.0000 67.0000
91 15.0000 19.0000
92 22.0000 22.0000
93 18.0000 24.0000
94 26.0000 27.0000
95 25.0000 24.0000
96 22.0000 27.0000
97 25.0000 21.0000
98 19.0000 21.0000
99 20.0000 26.0000
100 18.0000 18.0000
101 35.0000 35.0000