1 7810.0000 6053.0000
2 7798.0000 5709.0000
3 7264.0000 5575.0000
4 7324.0000 5560.0000
5 7547.0000 5503.0000
6 7744.0000 5476.0000
7 7821.0000 5457.0000
8 7883.0000 5408.0000
9 7874.0000 5405.0000
10 7927.0000 5365.0000
11 7848.0000 5358.0000
12 7802.0000 5317.0000
13 7962.0000 5287.0000
14 7913.0000 5280.0000
15 7724.0000 5210.0000
16 7503.0000 5191.0000
17 7759.0000 5143.0000
18 7890.0000 5130.0000
19 7254.0000 5129.0000
20 7790.0000 5038.0000
21 7142.0000 5032.0000
22 7606.0000 5009.0000
23 7772.0000 4989.0000
24 7744.0000 4933.0000
25 7846.0000 4923.0000
26 7622.0000 4917.0000
27 6937.0000 4917.0000
28 7576.0000 4915.0000
29 7783.0000 4912.0000
30 7716.0000 4909.0000
31 7295.0000 4887.0000
32 7777.0000 4869.0000
33 7700.0000 4854.0000
34 7726.0000 4833.0000
35 7702.0000 4815.0000
36 7583.0000 4813.0000
37 7654.0000 4795.0000
38 7417.0000 4788.0000
39 7267.0000 4779.0000
40 6806.0000 4755.0000
41 5259.0000 4751.0000
42 7698.0000 4745.0000
43 7570.0000 4741.0000
44 7617.0000 4724.0000
45 7752.0000 4721.0000
46 7673.0000 4718.0000
47 7692.0000 4666.0000
48 7547.0000 4664.0000
49 7259.0000 4630.0000
50 5387.0000 4623.0000
51 7679.0000 4581.0000
52 7674.0000 4579.0000
53 7631.0000 4573.0000
54 7520.0000 4572.0000
55 7848.0000 4546.0000
56 5685.0000 4546.0000
57 7832.0000 4542.0000
58 6735.0000 4509.0000
59 7647.0000 4504.0000
60 7338.0000 4481.0000
61 4602.0000 4478.0000
62 4606.0000 4468.0000
63 7399.0000 4467.0000
64 7037.0000 4446.0000
65 7458.0000 4428.0000
66 7364.0000 4427.0000
67 6058.0000 4426.0000
68 6868.0000 4418.0000
69 3832.0000 4410.0000
70 6670.0000 4401.0000
71 7443.0000 4375.0000
72 7160.0000 4370.0000
73 6139.0000 4369.0000
74 7333.0000 4335.0000
75 6237.0000 4332.0000
76 5385.0000 4318.0000
77 6911.0000 4296.0000
78 6304.0000 4294.0000
79 7111.0000 4288.0000
80 6740.0000 4282.0000
81 7698.0000 4279.0000
82 7613.0000 4275.0000
83 7360.0000 4275.0000
84 6779.0000 4273.0000
85 7207.0000 4270.0000
86 6241.0000 4268.0000
87 7432.0000 4265.0000
88 4354.0000 4262.0000
89 6589.0000 4256.0000
90 7817.0000 4252.0000
91 6051.0000 4246.0000
92 5356.0000 4241.0000
93 7554.0000 4236.0000
94 7534.0000 4227.0000
95 4217.0000 4224.0000
96 7349.0000 4219.0000
97 7128.0000 4215.0000
98 3950.0000 4215.0000
99 6947.0000 4209.0000
100 7549.0000 4208.0000
101 5168.0000 4208.0000
102 6524.0000 4207.0000
103 5871.0000 4202.0000
104 7542.0000 4198.0000
105 6660.0000 4193.0000
106 7216.0000 4180.0000
107 6607.0000 4173.0000
108 7601.0000 4171.0000
109 6123.0000 4167.0000
110 6450.0000 4160.0000
111 6713.0000 4154.0000
112 7355.0000 4151.0000
113 7604.0000 4146.0000
114 7541.0000 4141.0000
115 7506.0000 4138.0000
116 4871.0000 4132.0000
117 2906.0000 4131.0000
118 6488.0000 4128.0000
119 6312.0000 4126.0000
120 6008.0000 4117.0000
121 4427.0000 4109.0000
122 4679.0000 4084.0000
123 5955.0000 4081.0000
124 6891.0000 4075.0000
125 7705.0000 4065.0000
126 7562.0000 4058.0000
127 4634.0000 4054.0000
128 4607.0000 4049.0000
129 6557.0000 4047.0000
130 7344.0000 4046.0000
131 5543.0000 4042.0000
132 7124.0000 4039.0000
133 7466.0000 4037.0000
134 6259.0000 4030.0000
135 6366.0000 4002.0000
136 5597.0000 3993.0000
137 4655.0000 3992.0000
138 7805.0000 3991.0000
139 3396.0000 3990.0000
140 6603.0000 3982.0000
141 6537.0000 3982.0000
142 4342.0000 3966.0000
143 7037.0000 3965.0000
144 7345.0000 3951.0000
145 7271.0000 3948.0000
146 5336.0000 3943.0000
147 5964.0000 3935.0000
148 7660.0000 3924.0000
149 7872.0000 3922.0000
150 6567.0000 3922.0000
151 6602.0000 3920.0000
152 4806.0000 3914.0000
153 7909.0000 3912.0000
154 5926.0000 3912.0000
155 7449.0000 3911.0000
156 6333.0000 3909.0000
157 3108.0000 3908.0000
158 7844.0000 3902.0000
159 5427.0000 3894.0000
160 6862.0000 3892.0000
161 6621.0000 3891.0000
162 6150.0000 3888.0000
163 7388.0000 3879.0000
164 7351.0000 3877.0000
165 4694.0000 3877.0000
166 6340.0000 3870.0000
167 6425.0000 3867.0000
168 6577.0000 3858.0000
169 6864.0000 3854.0000
170 5706.0000 3844.0000
171 4496.0000 3844.0000
172 4574.0000 3843.0000
173 3824.0000 3838.0000
174 5803.0000 3824.0000
175 5720.0000 3823.0000
176 6454.0000 3821.0000
177 6120.0000 3821.0000
178 7988.0000 3820.0000
179 6376.0000 3819.0000
180 7841.0000 3818.0000
181 5778.0000 3813.0000
182 5457.0000 3808.0000
183 5671.0000 3807.0000
184 4293.0000 3788.0000
185 7423.0000 3776.0000
186 7342.0000 3775.0000
187 5541.0000 3769.0000
188 5621.0000 3768.0000
189 7750.0000 3760.0000
190 6327.0000 3745.0000
191 7879.0000 3743.0000
192 199.0000 3743.0000
193 6652.0000 3742.0000
194 5678.0000 3742.0000
195 5207.0000 3742.0000
196 7429.0000 3737.0000
197 7262.0000 3725.0000
198 6427.0000 3717.0000
199 1851.0000 3710.0000
200 6207.0000 3700.0000
201 6069.0000 3695.0000
202 4780.0000 3694.0000
203 7603.0000 3690.0000
204 5751.0000 3681.0000
205 6365.0000 3679.0000
206 6958.0000 3678.0000
207 6317.0000 3673.0000
208 5417.0000 3673.0000
209 6426.0000 3656.0000
210 7922.0000 3655.0000
211 7331.0000 3634.0000
212 5965.0000 3624.0000
213 4965.0000 3622.0000
214 6833.0000 3618.0000
215 6798.0000 3610.0000
216 7667.0000 3608.0000
217 1047.0000 3602.0000
218 7803.0000 3598.0000
219 7370.0000 3588.0000
220 952.0000 3583.0000
221 7906.0000 3580.0000
222 250.0000 3578.0000
223 5111.0000 3569.0000
224 6453.0000 3567.0000
225 7492.0000 3560.0000
226 6140.0000 3558.0000
227 5315.0000 3557.0000
228 5316.0000 3554.0000
229 4232.0000 3551.0000
230 7408.0000 3534.0000
231 8013.0000 3523.0000
232 5160.0000 3517.0000
233 7141.0000 3514.0000
234 5887.0000 3508.0000
235 4694.0000 3502.0000
236 7633.0000 3499.0000
237 7919.0000 3496.0000
238 1784.0000 3494.0000
239 1482.0000 3494.0000
240 236.0000 3494.0000
241 6713.0000 3488.0000
242 7696.0000 3486.0000
243 536.0000 3481.0000
244 317.0000 3476.0000
245 5649.0000 3472.0000
246 6235.0000 3471.0000
247 7199.0000 3469.0000
248 5540.0000 3468.0000
249 5400.0000 3461.0000
250 5796.0000 3459.0000
251 2342.0000 3439.0000
252 7494.0000 3430.0000
253 7321.0000 3429.0000
254 6265.0000 3426.0000
255 8001.0000 3418.0000
256 226.0000 3415.0000
257 6148.0000 3413.0000
258 5987.0000 3402.0000
259 7582.0000 3396.0000
260 7422.0000 3390.0000
261 6623.0000 3389.0000
262 7475.0000 3388.0000
263 7654.0000 3377.0000
264 7838.0000 3375.0000
265 6570.0000 3371.0000
266 4364.0000 3362.0000
267 7316.0000 3360.0000
268 4857.0000 3359.0000
269 7533.0000 3358.0000
270 5719.0000 3352.0000
271 7452.0000 3339.0000
272 7747.0000 3329.0000
273 5841.0000 3328.0000
274 3229.0000 3312.0000
275 7076.0000 3302.0000
276 7657.0000 3301.0000
277 6360.0000 3301.0000
278 525.0000 3297.0000
279 5619.0000 3291.0000
280 7989.0000 3271.0000
281 5697.0000 3269.0000
282 6050.0000 3242.0000
283 7082.0000 3235.0000
284 5539.0000 3235.0000
285 741.0000 3235.0000
286 6731.0000 3234.0000
287 7453.0000 3229.0000
288 7695.0000 3220.0000
289 7299.0000 3219.0000
290 863.0000 3219.0000
291 7861.0000 3216.0000
292 5960.0000 3207.0000
293 4252.0000 3206.0000
294 6402.0000 3190.0000
295 5342.0000 3188.0000
296 6656.0000 3181.0000
297 7532.0000 3175.0000
298 7434.0000 3173.0000
299 5679.0000 3171.0000
300 6518.0000 3165.0000
301 4537.0000 3143.0000
302 806.0000 3123.0000
303 6113.0000 3101.0000
304 7440.0000 3100.0000
305 6204.0000 3099.0000
306 7715.0000 3086.0000
307 7503.0000 3086.0000
308 5821.0000 3086.0000
309 7131.0000 3081.0000
310 7909.0000 3080.0000
311 920.0000 3065.0000
312 6468.0000 3050.0000
313 5677.0000 3049.0000
314 218.0000 3031.0000
315 6881.0000 3029.0000
316 5650.0000 3023.0000
317 197.0000 3021.0000
318 5531.0000 3011.0000
319 6387.0000 3008.0000
320 4458.0000 3007.0000
321 6190.0000 2985.0000
322 7055.0000 2981.0000
323 7238.0000 2957.0000
324 5930.0000 2948.0000
325 7543.0000 2929.0000
326 5291.0000 2929.0000
327 4196.0000 2929.0000
328 6617.0000 2928.0000
329 4831.0000 2917.0000
330 2835.0000 2912.0000
331 174.0000 2901.0000
332 5350.0000 2867.0000
333 7346.0000 2858.0000
334 6044.0000 2848.0000
335 4898.0000 2840.0000
336 3307.0000 2833.0000
337 1918.0000 2832.0000
338 7125.0000 2823.0000
339 6422.0000 2820.0000
340 5881.0000 2817.0000
341 141.0000 2814.0000
342 7851.0000 2809.0000
343 4929.0000 2803.0000
344 5963.0000 2789.0000
345 5470.0000 2774.0000
346 7458.0000 2741.0000
347 1263.0000 2734.0000
348 6766.0000 2732.0000
349 4763.0000 2720.0000
350 3461.0000 2718.0000
351 7309.0000 2717.0000
352 6848.0000 2712.0000
353 178.0000 2702.0000
354 1882.0000 2684.0000
355 4584.0000 2643.0000
356 3174.0000 2627.0000
357 7049.0000 2570.0000
358 7753.0000 2564.0000
359 6597.0000 2563.0000
360 4476.0000 2555.0000
361 1575.0000 2555.0000
362 7304.0000 2550.0000
363 10.0000 2537.0000
364 6800.0000 2532.0000
365 5296.0000 2520.0000
366 7104.0000 2510.0000
367 6547.0000 2506.0000
368 7267.0000 2466.0000
369 3189.0000 2411.0000
370 5117.0000 2409.0000
371 4973.0000 2406.0000
372 4488.0000 2378.0000
373 7351.0000 2376.0000
374 6007.0000 2359.0000
375 4612.0000 2341.0000
376 7015.0000 2333.0000
377 3233.0000 2329.0000
378 240.0000 2327.0000
379 6686.0000 2312.0000
380 6307.0000 2295.0000
381 7448.0000 2291.0000
382 7087.0000 2274.0000
383 2067.0000 2254.0000
384 5260.0000 2230.0000
385 4174.0000 2190.0000
386 36.0000 2185.0000
387 7856.0000 2181.0000
388 7315.0000 2181.0000
389 3319.0000 2151.0000
390 2126.0000 2150.0000
391 7418.0000 2139.0000
392 6885.0000 2138.0000
393 4959.0000 2123.0000
394 4996.0000 2115.0000
395 5681.0000 2109.0000
396 5277.0000 2078.0000
397 7643.0000 2048.0000
398 3390.0000 2043.0000
399 8080.0000 2039.0000
400 6139.0000 2032.0000
401 2694.0000 2026.0000
402 7152.0000 2000.0000
403 7822.0000 1992.0000
404 7416.0000 1953.0000
405 7352.0000 1952.0000
406 354.0000 1950.0000
407 6493.0000 1931.0000
408 7905.0000 1921.0000
409 8229.0000 1905.0000
410 6803.0000 1886.0000
411 4012.0000 1886.0000
412 4759.0000 1883.0000
413 8101.0000 1876.0000
414 7989.0000 1876.0000
415 8063.0000 1860.0000
416 8080.0000 1835.0000
417 7004.0000 1805.0000
418 6252.0000 1795.0000
419 6826.0000 1774.0000
420 7218.0000 1773.0000
421 464.0000 1773.0000
422 809.0000 1766.0000
423 7240.0000 1762.0000
424 7046.0000 1757.0000
425 8098.0000 1746.0000
426 7314.0000 1739.0000
427 7035.0000 1733.0000
428 5506.0000 1719.0000
429 8184.0000 1685.0000
430 6932.0000 1683.0000
431 5914.0000 1682.0000
432 2908.0000 1681.0000
433 6496.0000 1678.0000
434 8525.0000 1664.0000
435 6765.0000 1663.0000
436 7985.0000 1657.0000
437 6854.0000 1640.0000
438 7926.0000 1627.0000
439 7973.0000 1606.0000
440 5060.0000 1577.0000
441 4056.0000 1564.0000
442 5637.0000 1558.0000
443 2011.0000 1558.0000
444 8038.0000 1535.0000
445 6651.0000 1534.0000
446 552.0000 1526.0000
447 6621.0000 1513.0000
448 8594.0000 1510.0000
449 4719.0000 1504.0000
450 5472.0000 1482.0000
451 8605.0000 1479.0000
452 345.0000 1476.0000
453 8228.0000 1471.0000
454 5005.0000 1458.0000
455 5114.0000 1430.0000
456 5964.0000 1421.0000
457 602.0000 1395.0000
458 5098.0000 1394.0000
459 5068.0000 1390.0000
460 8292.0000 1383.0000
461 6258.0000 1354.0000
462 5010.0000 1351.0000
463 6494.0000 1347.0000
464 437.0000 1344.0000
465 413.0000 1338.0000
466 659.0000 1331.0000
467 5840.0000 1325.0000
468 6378.0000 1314.0000
469 6379.0000 1302.0000
470 6359.0000 1298.0000
471 3245.0000 1281.0000
472 450.0000 1274.0000
473 478.0000 1256.0000
474 5571.0000 1255.0000
475 489.0000 1254.0000
476 513.0000 1247.0000
477 6136.0000 1243.0000
478 4170.0000 1232.0000
479 1721.0000 1165.0000
480 893.0000 1161.0000
481 5930.0000 1151.0000
482 4619.0000 1132.0000
483 4125.0000 1125.0000
484 5139.0000 1124.0000
485 572.0000 1108.0000
486 4500.0000 1093.0000
487 2372.0000 1084.0000
488 993.0000 1084.0000
489 527.0000 1077.0000
490 5788.0000 1053.0000
491 3719.0000 1043.0000
492 4805.0000 1033.0000
493 5140.0000 1018.0000
494 5344.0000 1003.0000
495 5532.0000 998.0000
496 5069.0000 998.0000
497 1595.0000 942.0000
498 5666.0000 914.0000
499 2260.0000 913.0000
500 4244.0000 896.0000
501 5596.0000 892.0000
502 4569.0000 886.0000
503 1072.0000 883.0000
504 3499.0000 863.0000
505 5136.0000 825.0000
506 783.0000 825.0000
507 834.0000 757.0000
508 1406.0000 750.0000
509 3390.0000 698.0000
510 2384.0000 695.0000
511 982.0000 659.0000
512 1422.0000 658.0000
513 1361.0000 637.0000
514 1926.0000 636.0000
515 1213.0000 633.0000
516 1415.0000 628.0000
517 1082.0000 625.0000
518 1254.0000 617.0000
519 5070.0000 605.0000
520 1212.0000 603.0000
521 1249.0000 600.0000
522 3477.0000 599.0000
523 1322.0000 580.0000
524 1253.0000 580.0000
525 1276.0000 559.0000
526 2647.0000 485.0000
527 1443.0000 459.0000
528 1961.0000 445.0000
529 1790.0000 429.0000
530 1503.0000 362.0000
531 5393.0000 355.0000
532 5469.0000 10.0000