1 288.0000 149.0000
2 288.0000 129.0000
3 270.0000 133.0000
4 256.0000 141.0000
5 256.0000 157.0000
6 246.0000 157.0000
7 236.0000 169.0000
8 228.0000 169.0000
9 228.0000 161.0000
10 220.0000 169.0000
11 212.0000 169.0000
12 204.0000 169.0000
13 196.0000 169.0000
14 188.0000 169.0000
15 196.0000 161.0000
16 188.0000 145.0000
17 172.0000 145.0000
18 164.0000 145.0000
19 156.0000 145.0000
20 148.0000 145.0000
21 140.0000 145.0000
22 148.0000 169.0000
23 164.0000 169.0000
24 172.0000 169.0000
25 156.0000 169.0000
26 140.0000 169.0000
27 132.0000 169.0000
28 124.0000 169.0000
29 116.0000 161.0000
30 104.0000 153.0000
31 104.0000 161.0000
32 104.0000 169.0000
33 90.0000 165.0000
34 80.0000 157.0000
35 64.0000 157.0000
36 64.0000 165.0000
37 56.0000 169.0000
38 56.0000 161.0000
39 56.0000 153.0000
40 56.0000 145.0000
41 56.0000 137.0000
42 56.0000 129.0000
43 56.0000 121.0000
44 40.0000 121.0000
45 40.0000 129.0000
46 40.0000 137.0000
47 40.0000 145.0000
48 40.0000 153.0000
49 40.0000 161.0000
50 40.0000 169.0000
51 32.0000 169.0000
52 32.0000 161.0000
53 32.0000 153.0000
54 32.0000 145.0000
55 32.0000 137.0000
56 32.0000 129.0000
57 32.0000 121.0000
58 32.0000 113.0000
59 40.0000 113.0000
60 56.0000 113.0000
61 56.0000 105.0000
62 48.0000 99.0000
63 40.0000 99.0000
64 32.0000 97.0000
65 32.0000 89.0000
66 24.0000 89.0000
67 16.0000 97.0000
68 16.0000 109.0000
69 8.0000 109.0000
70 8.0000 97.0000
71 8.0000 89.0000
72 8.0000 81.0000
73 8.0000 73.0000
74 8.0000 65.0000
75 8.0000 57.0000
76 16.0000 57.0000
77 8.0000 49.0000
78 8.0000 41.0000
79 24.0000 45.0000
80 32.0000 41.0000
81 32.0000 49.0000
82 32.0000 57.0000
83 32.0000 65.0000
84 32.0000 73.0000
85 32.0000 81.0000
86 40.0000 83.0000
87 40.0000 73.0000
88 40.0000 63.0000
89 40.0000 51.0000
90 44.0000 43.0000
91 44.0000 35.0000
92 44.0000 27.0000
93 32.0000 25.0000
94 24.0000 25.0000
95 16.0000 25.0000
96 16.0000 17.0000
97 24.0000 17.0000
98 32.0000 17.0000
99 44.0000 11.0000
100 56.0000 9.0000
101 56.0000 17.0000
102 56.0000 25.0000
103 56.0000 33.0000
104 56.0000 41.0000
105 64.0000 41.0000
106 72.0000 41.0000
107 72.0000 49.0000
108 56.0000 49.0000
109 48.0000 51.0000
110 56.0000 57.0000
111 56.0000 65.0000
112 48.0000 63.0000
113 48.0000 73.0000
114 56.0000 73.0000
115 56.0000 81.0000
116 48.0000 83.0000
117 56.0000 89.0000
118 56.0000 97.0000
119 104.0000 97.0000
120 104.0000 105.0000
121 104.0000 113.0000
122 104.0000 121.0000
123 104.0000 129.0000
124 104.0000 137.0000
125 104.0000 145.0000
126 116.0000 145.0000
127 124.0000 145.0000