1 1150.0000 4000.0000
2 1050.0000 2750.0000
3 1150.0000 2250.0000
4 1250.0000 2050.0000
5 1350.0000 2350.0000
6 1050.0000 1550.0000
7 3350.0000 1700.0000
8 3450.0000 1450.0000
9 3550.0000 1600.0000
10 3950.0000 1700.0000
11 4050.0000 2000.0000
12 4050.0000 2150.0000
13 4250.0000 1650.0000
14 4150.0000 1500.0000
15 4450.0000 1450.0000
16 4400.0000 1700.0000
17 4600.0000 1850.0000
18 4900.0000 1550.0000
19 5100.0000 1550.0000
20 5350.0000 1450.0000
21 4950.0000 1700.0000
22 4850.0000 1900.0000
23 4900.0000 2050.0000
24 5000.0000 2150.0000
25 5100.0000 2050.0000
26 5400.0000 2050.0000
27 5750.0000 2000.0000
28 5900.0000 2050.0000
29 5600.0000 2250.0000
30 5400.0000 2300.0000
31 5250.0000 2250.0000
32 5000.0000 2350.0000
33 5000.0000 2550.0000
34 5050.0000 2800.0000
35 5250.0000 2750.0000
36 5450.0000 2750.0000
37 5400.0000 2950.0000
38 5200.0000 3150.0000
39 5050.0000 3100.0000
40 4950.0000 3300.0000
41 5100.0000 3600.0000
42 5200.0000 3650.0000
43 5350.0000 3750.0000
44 5450.0000 3750.0000
45 5600.0000 3750.0000
46 5600.0000 4250.0000
47 5450.0000 4250.0000
48 5350.0000 4150.0000
49 5050.0000 3800.0000
50 4950.0000 3500.0000
51 4700.0000 3500.0000
52 4400.0000 3700.0000
53 4450.0000 3500.0000
54 4100.0000 3500.0000
55 4150.0000 3300.0000
56 4100.0000 3150.0000
57 4300.0000 3300.0000
58 4500.0000 3150.0000
59 4500.0000 2950.0000
60 4700.0000 3000.0000
61 4700.0000 2800.0000
62 4700.0000 2500.0000
63 4600.0000 2350.0000
64 4550.0000 2500.0000
65 4550.0000 2800.0000
66 4300.0000 2800.0000
67 4100.0000 2950.0000
68 3700.0000 2800.0000
69 3550.0000 2800.0000
70 3400.0000 2700.0000
71 3400.0000 3200.0000
72 3700.0000 3100.0000
73 3550.0000 3300.0000
74 3350.0000 4250.0000
75 3350.0000 4650.0000
76 3250.0000 5200.0000
77 4000.0000 5050.0000
78 4100.0000 4750.0000
79 3950.0000 4650.0000
80 3950.0000 4250.0000
81 4200.0000 4150.0000
82 4200.0000 4550.0000
83 4500.0000 4400.0000
84 4700.0000 4350.0000
85 4700.0000 4750.0000
86 4500.0000 4800.0000
87 4500.0000 4950.0000
88 4350.0000 4750.0000
89 4350.0000 4900.0000
90 4247.0000 5150.0000
91 4354.0000 5256.0000
92 4247.0000 5256.0000
93 4100.0000 5250.0000
94 4100.0000 5350.0000
95 4000.0000 5550.0000
96 4199.0000 5554.0000
97 4305.0000 5554.0000
98 4304.0000 5447.0000
99 4500.0000 5450.0000
100 4500.0000 6050.0000
101 4650.0000 6000.0000
102 4800.0000 6100.0000
103 5050.0000 6050.0000
104 5150.0000 6150.0000
105 5300.0000 6050.0000
106 5400.0000 6050.0000
107 5150.0000 5500.0000
108 5250.0000 5350.0000
109 5300.0000 5150.0000
110 5650.0000 5350.0000
111 5800.0000 5350.0000
112 5650.0000 5500.0000
113 5800.0000 5500.0000
114 5750.0000 5700.0000
115 5750.0000 5850.0000
116 5700.0000 6000.0000
117 5700.0000 6150.0000
118 5550.0000 6000.0000
119 5550.0000 6150.0000
120 6000.0000 6600.0000
121 6000.0000 7000.0000
122 5550.0000 6650.0000
123 5400.0000 6550.0000
124 5300.0000 6450.0000
125 5150.0000 6550.0000
126 5150.0000 7000.0000
127 5050.0000 6550.0000
128 4800.0000 6500.0000
129 4650.0000 6400.0000
130 4500.0000 6550.0000
131 4250.0000 6700.0000
132 4250.0000 6350.0000
133 4250.0000 5950.0000
134 4100.0000 5850.0000
135 3950.0000 5950.0000
136 3800.0000 5950.0000
137 3950.0000 6350.0000
138 3800.0000 6350.0000
139 3250.0000 7000.0000
140 3300.0000 7450.0000
141 3300.0000 7550.0000
142 3900.0000 7850.0000
143 4250.0000 7800.0000
144 4400.0000 7750.0000
145 4250.0000 7300.0000
146 4450.0000 7450.0000
147 4650.0000 7450.0000
148 4550.0000 7650.0000
149 4550.0000 7900.0000
150 4650.0000 8150.0000
151 4400.0000 8250.0000
152 4250.0000 8250.0000
153 4550.0000 8750.0000
154 4550.0000 8950.0000
155 4250.0000 9250.0000
156 4300.0000 9450.0000
157 4500.0000 9750.0000
158 4300.0000 9950.0000
159 4300.0000 10150.0000
160 4100.0000 10150.0000
161 3900.0000 10150.0000
162 4200.0000 9850.0000
163 4050.0000 9700.0000
164 4200.0000 9450.0000
165 4050.0000 9200.0000
166 3900.0000 9250.0000
167 3750.0000 9500.0000
168 3450.0000 9450.0000
169 3300.0000 9350.0000
170 3300.0000 10650.0000
171 3450.0000 10450.0000
172 3750.0000 10500.0000
173 3600.0000 11100.0000
174 3750.0000 11200.0000
175 3750.0000 11400.0000
176 3600.0000 11600.0000
177 3900.0000 11550.0000
178 3900.0000 11400.0000
179 3900.0000 11150.0000
180 4100.0000 11150.0000
181 4300.0000 11150.0000
182 4600.0000 11100.0000
183 4600.0000 10850.0000
184 4550.0000 10550.0000
185 4500.0000 10250.0000
186 5600.0000 9750.0000
187 5600.0000 10250.0000
188 5950.0000 10250.0000
189 6100.0000 10250.0000
190 6250.0000 10200.0000
191 6400.0000 10300.0000
192 6200.0000 10300.0000
193 6150.0000 10400.0000
194 5950.0000 10550.0000
195 5650.0000 10550.0000
196 5600.0000 10850.0000
197 5950.0000 10850.0000
198 6050.0000 11050.0000
199 6150.0000 11050.0000
200 6200.0000 11150.0000
201 5950.0000 11150.0000
202 5600.0000 11100.0000
203 5950.0000 11650.0000
204 6050.0000 11550.0000
205 6450.0000 11550.0000
206 6350.0000 11350.0000
207 6550.0000 11350.0000
208 6500.0000 11150.0000
209 6650.0000 11050.0000
210 6950.0000 11250.0000
211 6950.0000 10650.0000
212 7000.0000 10500.0000
213 7200.0000 10500.0000
214 7200.0000 10200.0000
215 7100.0000 10250.0000
216 7050.0000 10400.0000
217 6900.0000 10450.0000
218 6700.0000 10300.0000
219 6850.0000 10200.0000
220 7000.0000 10050.0000
221 6800.0000 9950.0000
222 7000.0000 9800.0000
223 7100.0000 9750.0000
224 7300.0000 9650.0000
225 7300.0000 9350.0000
226 7300.0000 9150.0000
227 7300.0000 9000.0000
228 7000.0000 9000.0000
229 6900.0000 9000.0000
230 6950.0000 9250.0000
231 6700.0000 9150.0000
232 6800.0000 9350.0000
233 6700.0000 9650.0000
234 6700.0000 9800.0000
235 6600.0000 9800.0000
236 6500.0000 10050.0000
237 6400.0000 10050.0000
238 6200.0000 9950.0000
239 6100.0000 10050.0000
240 6100.0000 9800.0000
241 5950.0000 9750.0000
242 6000.0000 9600.0000
243 6150.0000 9200.0000
244 6250.0000 8950.0000
245 6250.0000 8850.0000
246 6350.0000 8850.0000
247 6150.0000 8600.0000
248 6150.0000 8500.0000
249 6000.0000 8450.0000
250 6000.0000 8600.0000
251 5550.0000 8950.0000
252 5550.0000 8750.0000
253 5650.0000 8150.0000
254 5550.0000 7900.0000
255 5550.0000 7650.0000
256 5650.0000 7450.0000
257 5900.0000 7350.0000
258 5950.0000 7650.0000
259 6000.0000 7850.0000
260 6400.0000 8350.0000
261 6450.0000 8600.0000
262 6500.0000 8700.0000
263 6500.0000 9000.0000
264 6600.0000 9000.0000
265 6699.0000 8856.0000
266 6699.0000 8750.0000
267 6805.0000 8749.0000
268 6750.0000 8600.0000
269 6750.0000 8500.0000
270 6600.0000 8000.0000
271 6900.0000 8350.0000
272 7200.0000 8000.0000
273 7350.0000 7650.0000
274 7000.0000 7350.0000
275 7100.0000 6750.0000
276 7100.0000 6600.0000
277 6800.0000 6000.0000
278 6603.0000 6057.0000
279 6498.0000 6057.0000
280 6604.0000 5950.0000
281 6700.0000 5800.0000
282 6600.0000 5700.0000
283 6550.0000 5500.0000
284 6800.0000 5500.0000
285 7100.0000 5500.0000
286 7100.0000 5100.0000
287 7350.0000 4900.0000
288 7350.0000 4750.0000
289 7350.0000 4150.0000
290 7350.0000 4050.0000
291 7350.0000 3900.0000
292 7350.0000 3800.0000
293 6950.0000 3900.0000
294 6850.0000 3800.0000
295 6850.0000 4050.0000
296 6950.0000 4150.0000
297 6650.0000 4900.0000
298 6700.0000 5050.0000
299 6700.0000 5300.0000
300 6600.0000 5200.0000
301 6250.0000 5500.0000
302 6106.0000 5606.0000
303 5999.0000 5607.0000
304 5998.0000 5500.0000
305 6250.0000 5000.0000
306 6100.0000 4800.0000
307 6000.0000 4450.0000
308 6100.0000 4400.0000
309 6100.0000 4150.0000
310 6000.0000 3950.0000
311 6000.0000 3800.0000
312 5850.0000 3750.0000
313 5750.0000 3450.0000
314 5850.0000 3050.0000
315 6000.0000 3200.0000
316 6000.0000 3300.0000
317 6100.0000 3650.0000
318 6148.0000 3556.0000
319 6148.0000 3450.0000
320 6254.0000 3557.0000
321 6450.0000 3750.0000
322 6450.0000 3650.0000
323 6450.0000 3450.0000
324 6254.0000 3206.0000
325 6148.0000 3206.0000
326 6148.0000 3099.0000
327 6450.0000 2950.0000
328 6450.0000 2800.0000
329 6300.0000 2800.0000
330 6150.0000 2800.0000
331 6000.0000 2800.0000
332 6150.0000 2300.0000
333 6300.0000 2300.0000
334 6450.0000 2300.0000
335 8100.0000 1700.0000
336 8200.0000 1450.0000
337 8300.0000 1600.0000
338 8700.0000 1700.0000
339 8800.0000 2000.0000
340 8800.0000 2150.0000
341 9000.0000 1650.0000
342 8900.0000 1500.0000
343 9200.0000 1450.0000
344 9150.0000 1700.0000
345 9350.0000 1850.0000
346 9650.0000 1550.0000
347 9850.0000 1550.0000
348 10100.0000 1450.0000
349 9700.0000 1700.0000
350 9600.0000 1900.0000
351 9650.0000 2050.0000
352 9750.0000 2150.0000
353 9850.0000 2050.0000
354 10150.0000 2050.0000
355 10500.0000 2000.0000
356 10650.0000 2050.0000
357 10350.0000 2250.0000
358 10150.0000 2300.0000
359 10000.0000 2250.0000
360 9750.0000 2350.0000
361 9750.0000 2550.0000
362 9800.0000 2800.0000
363 10000.0000 2750.0000
364 10200.0000 2750.0000
365 10150.0000 2950.0000
366 9950.0000 3150.0000
367 9800.0000 3100.0000
368 9700.0000 3300.0000
369 9850.0000 3600.0000
370 9950.0000 3650.0000
371 10100.0000 3750.0000
372 10200.0000 3750.0000
373 10350.0000 3750.0000
374 10350.0000 4250.0000
375 10200.0000 4250.0000
376 10100.0000 4150.0000
377 9800.0000 3800.0000
378 9700.0000 3500.0000
379 9450.0000 3500.0000
380 9150.0000 3700.0000
381 9200.0000 3500.0000
382 8850.0000 3500.0000
383 8900.0000 3300.0000
384 8850.0000 3150.0000
385 9050.0000 3300.0000
386 9250.0000 3150.0000
387 9250.0000 2950.0000
388 9450.0000 3000.0000
389 9450.0000 2800.0000
390 9450.0000 2500.0000
391 9350.0000 2350.0000
392 9300.0000 2500.0000
393 9300.0000 2800.0000
394 9050.0000 2800.0000
395 8850.0000 2950.0000
396 8450.0000 2800.0000
397 8300.0000 2800.0000
398 8150.0000 2700.0000
399 8150.0000 3200.0000
400 8450.0000 3100.0000
401 8300.0000 3300.0000
402 8100.0000 4250.0000
403 8100.0000 4650.0000
404 8000.0000 5200.0000
405 8750.0000 5050.0000
406 8850.0000 4750.0000
407 8700.0000 4650.0000
408 8700.0000 4250.0000
409 8950.0000 4150.0000
410 8950.0000 4550.0000
411 9250.0000 4400.0000
412 9450.0000 4350.0000
413 9450.0000 4750.0000
414 9250.0000 4800.0000
415 9250.0000 4950.0000
416 9100.0000 4750.0000
417 9100.0000 4900.0000
418 8997.0000 5150.0000
419 9104.0000 5256.0000
420 8997.0000 5256.0000
421 8850.0000 5250.0000
422 8850.0000 5350.0000
423 8750.0000 5550.0000
424 8949.0000 5554.0000
425 9055.0000 5554.0000
426 9054.0000 5447.0000
427 9250.0000 5450.0000
428 9250.0000 6050.0000
429 9400.0000 6000.0000
430 9550.0000 6100.0000
431 9800.0000 6050.0000
432 9900.0000 6150.0000
433 10050.0000 6050.0000
434 10150.0000 6050.0000
435 9900.0000 5500.0000
436 10000.0000 5350.0000
437 10050.0000 5150.0000
438 10400.0000 5350.0000
439 10550.0000 5350.0000
440 10400.0000 5500.0000
441 10550.0000 5500.0000
442 10500.0000 5700.0000
443 10500.0000 5850.0000
444 10450.0000 6000.0000
445 10450.0000 6150.0000
446 10300.0000 6000.0000
447 10300.0000 6150.0000
448 10750.0000 6600.0000
449 10750.0000 7000.0000
450 10300.0000 6650.0000
451 10150.0000 6550.0000
452 10050.0000 6450.0000
453 9900.0000 6550.0000
454 9900.0000 7000.0000
455 9800.0000 6550.0000
456 9550.0000 6500.0000
457 9400.0000 6400.0000
458 9250.0000 6550.0000
459 9000.0000 6700.0000
460 9000.0000 6350.0000
461 9000.0000 5950.0000
462 8850.0000 5850.0000
463 8700.0000 5950.0000
464 8550.0000 5950.0000
465 8700.0000 6350.0000
466 8550.0000 6350.0000
467 8000.0000 7000.0000
468 8050.0000 7450.0000
469 8050.0000 7550.0000
470 8650.0000 7850.0000
471 9000.0000 7800.0000
472 9150.0000 7750.0000
473 9000.0000 7300.0000
474 9200.0000 7450.0000
475 9400.0000 7450.0000
476 9300.0000 7650.0000
477 9300.0000 7900.0000
478 9400.0000 8150.0000
479 9150.0000 8250.0000
480 9000.0000 8250.0000
481 9300.0000 8750.0000
482 9300.0000 8950.0000
483 9000.0000 9250.0000
484 9050.0000 9450.0000
485 9250.0000 9750.0000
486 9050.0000 9950.0000
487 9050.0000 10150.0000
488 8850.0000 10150.0000
489 8650.0000 10150.0000
490 8950.0000 9850.0000
491 8800.0000 9700.0000
492 8950.0000 9450.0000
493 8800.0000 9200.0000
494 8650.0000 9250.0000
495 8500.0000 9500.0000
496 8200.0000 9450.0000
497 8050.0000 9350.0000
498 8050.0000 10650.0000
499 8200.0000 10450.0000
500 8500.0000 10500.0000
501 8350.0000 11100.0000
502 8500.0000 11200.0000
503 8500.0000 11400.0000
504 8350.0000 11600.0000
505 8650.0000 11550.0000
506 8650.0000 11400.0000
507 8650.0000 11150.0000
508 8850.0000 11150.0000
509 9050.0000 11150.0000
510 9350.0000 11100.0000
511 9350.0000 10850.0000
512 9300.0000 10550.0000
513 9250.0000 10250.0000
514 10350.0000 9750.0000
515 10350.0000 10250.0000
516 10700.0000 10250.0000
517 10850.0000 10250.0000
518 11000.0000 10200.0000
519 11150.0000 10300.0000
520 10950.0000 10300.0000
521 10900.0000 10400.0000
522 10700.0000 10550.0000
523 10400.0000 10550.0000
524 10350.0000 10850.0000
525 10700.0000 10850.0000
526 10800.0000 11050.0000
527 10900.0000 11050.0000
528 10950.0000 11150.0000
529 10700.0000 11150.0000
530 10350.0000 11100.0000
531 10700.0000 11650.0000
532 10800.0000 11550.0000
533 11200.0000 11550.0000
534 11100.0000 11350.0000
535 11300.0000 11350.0000
536 11250.0000 11150.0000
537 11400.0000 11050.0000
538 11700.0000 11250.0000
539 11700.0000 10650.0000
540 11750.0000 10500.0000
541 11950.0000 10500.0000
542 11950.0000 10200.0000
543 11850.0000 10250.0000
544 11800.0000 10400.0000
545 11650.0000 10450.0000
546 11450.0000 10300.0000
547 11600.0000 10200.0000
548 11750.0000 10050.0000
549 11550.0000 9950.0000
550 11750.0000 9800.0000
551 11850.0000 9750.0000
552 12050.0000 9650.0000
553 12050.0000 9350.0000
554 12050.0000 9150.0000
555 12050.0000 9000.0000
556 11750.0000 9000.0000
557 11650.0000 9000.0000
558 11700.0000 9250.0000
559 11450.0000 9150.0000
560 11550.0000 9350.0000
561 11450.0000 9650.0000
562 11450.0000 9800.0000
563 11350.0000 9800.0000
564 11250.0000 10050.0000
565 11150.0000 10050.0000
566 10950.0000 9950.0000
567 10850.0000 10050.0000
568 10850.0000 9800.0000
569 10700.0000 9750.0000
570 10750.0000 9600.0000
571 10900.0000 9200.0000
572 11000.0000 8950.0000
573 11000.0000 8850.0000
574 11100.0000 8850.0000
575 10900.0000 8600.0000
576 10900.0000 8500.0000
577 10750.0000 8450.0000
578 10750.0000 8600.0000
579 10300.0000 8950.0000
580 10300.0000 8750.0000
581 10400.0000 8150.0000
582 10300.0000 7900.0000
583 10300.0000 7650.0000
584 10400.0000 7450.0000
585 10650.0000 7350.0000
586 10700.0000 7650.0000
587 10750.0000 7850.0000
588 11150.0000 8350.0000
589 11200.0000 8600.0000
590 11250.0000 8700.0000
591 11250.0000 9000.0000
592 11350.0000 9000.0000
593 11449.0000 8856.0000
594 11449.0000 8750.0000
595 11555.0000 8749.0000
596 11500.0000 8600.0000
597 11500.0000 8500.0000
598 11350.0000 8000.0000
599 11650.0000 8350.0000
600 11950.0000 8000.0000
601 12100.0000 7650.0000
602 11750.0000 7350.0000
603 11850.0000 6750.0000
604 11850.0000 6600.0000
605 11550.0000 6000.0000
606 11353.0000 6057.0000
607 11248.0000 6057.0000
608 11354.0000 5950.0000
609 11450.0000 5800.0000
610 11350.0000 5700.0000
611 11300.0000 5500.0000
612 11550.0000 5500.0000
613 11850.0000 5500.0000
614 11850.0000 5100.0000
615 12100.0000 4900.0000
616 12100.0000 4750.0000
617 12100.0000 4150.0000
618 12100.0000 4050.0000
619 12100.0000 3900.0000
620 12100.0000 3800.0000
621 11700.0000 3900.0000
622 11600.0000 3800.0000
623 11600.0000 4050.0000
624 11700.0000 4150.0000
625 11400.0000 4900.0000
626 11450.0000 5050.0000
627 11450.0000 5300.0000
628 11350.0000 5200.0000
629 11000.0000 5500.0000
630 10856.0000 5606.0000
631 10749.0000 5607.0000
632 10748.0000 5500.0000
633 11000.0000 5000.0000
634 10850.0000 4800.0000
635 10750.0000 4450.0000
636 10850.0000 4400.0000
637 10850.0000 4150.0000
638 10750.0000 3950.0000
639 10750.0000 3800.0000
640 10600.0000 3750.0000
641 10500.0000 3450.0000
642 10600.0000 3050.0000
643 10750.0000 3200.0000
644 10750.0000 3300.0000
645 10850.0000 3650.0000
646 10898.0000 3556.0000
647 10898.0000 3450.0000
648 11004.0000 3557.0000
649 11200.0000 3750.0000
650 11200.0000 3650.0000
651 11200.0000 3450.0000
652 11004.0000 3206.0000
653 10898.0000 3206.0000
654 10898.0000 3099.0000
655 11200.0000 2950.0000
656 11200.0000 2800.0000
657 11050.0000 2800.0000
658 10900.0000 2800.0000
659 10750.0000 2800.0000
660 10900.0000 2300.0000
661 11050.0000 2300.0000
662 11200.0000 2300.0000
663 12850.0000 1700.0000
664 12950.0000 1450.0000
665 13050.0000 1600.0000
666 13450.0000 1700.0000
667 13550.0000 2000.0000
668 13550.0000 2150.0000
669 13750.0000 1650.0000
670 13650.0000 1500.0000
671 13950.0000 1450.0000
672 13900.0000 1700.0000
673 14100.0000 1850.0000
674 14400.0000 1550.0000
675 14600.0000 1550.0000
676 14850.0000 1450.0000
677 14450.0000 1700.0000
678 14350.0000 1900.0000
679 14400.0000 2050.0000
680 14500.0000 2150.0000
681 14600.0000 2050.0000
682 14900.0000 2050.0000
683 15250.0000 2000.0000
684 15400.0000 2050.0000
685 15100.0000 2250.0000
686 14900.0000 2300.0000
687 14750.0000 2250.0000
688 14500.0000 2350.0000
689 14500.0000 2550.0000
690 14550.0000 2800.0000
691 14750.0000 2750.0000
692 14950.0000 2750.0000
693 14900.0000 2950.0000
694 14700.0000 3150.0000
695 14550.0000 3100.0000
696 14450.0000 3300.0000
697 14600.0000 3600.0000
698 14700.0000 3650.0000
699 14850.0000 3750.0000
700 14950.0000 3750.0000
701 15100.0000 3750.0000
702 15100.0000 4250.0000
703 14950.0000 4250.0000
704 14850.0000 4150.0000
705 14550.0000 3800.0000
706 14450.0000 3500.0000
707 14200.0000 3500.0000
708 13900.0000 3700.0000
709 13950.0000 3500.0000
710 13600.0000 3500.0000
711 13650.0000 3300.0000
712 13600.0000 3150.0000
713 13800.0000 3300.0000
714 14000.0000 3150.0000
715 14000.0000 2950.0000
716 14200.0000 3000.0000
717 14200.0000 2800.0000
718 14200.0000 2500.0000
719 14100.0000 2350.0000
720 14050.0000 2500.0000
721 14050.0000 2800.0000
722 13800.0000 2800.0000
723 13600.0000 2950.0000
724 13200.0000 2800.0000
725 13050.0000 2800.0000
726 12900.0000 2700.0000
727 12900.0000 3200.0000
728 13200.0000 3100.0000
729 13050.0000 3300.0000
730 12850.0000 4250.0000
731 12850.0000 4650.0000
732 12750.0000 5200.0000
733 13500.0000 5050.0000
734 13600.0000 4750.0000
735 13450.0000 4650.0000
736 13450.0000 4250.0000
737 13700.0000 4150.0000
738 13700.0000 4550.0000
739 14000.0000 4400.0000
740 14200.0000 4350.0000
741 14200.0000 4750.0000
742 14000.0000 4800.0000
743 14000.0000 4950.0000
744 13850.0000 4750.0000
745 13850.0000 4900.0000
746 13747.0000 5150.0000
747 13854.0000 5256.0000
748 13747.0000 5256.0000
749 13600.0000 5250.0000
750 13600.0000 5350.0000
751 13500.0000 5550.0000
752 13699.0000 5554.0000
753 13805.0000 5554.0000
754 13804.0000 5447.0000
755 14000.0000 5450.0000
756 14000.0000 6050.0000
757 14150.0000 6000.0000
758 14300.0000 6100.0000
759 14550.0000 6050.0000
760 14650.0000 6150.0000
761 14800.0000 6050.0000
762 14900.0000 6050.0000
763 14650.0000 5500.0000
764 14750.0000 5350.0000
765 14800.0000 5150.0000
766 15150.0000 5350.0000
767 15300.0000 5350.0000
768 15150.0000 5500.0000
769 15300.0000 5500.0000
770 15250.0000 5700.0000
771 15250.0000 5850.0000
772 15200.0000 6000.0000
773 15200.0000 6150.0000
774 15050.0000 6000.0000
775 15050.0000 6150.0000
776 15500.0000 6600.0000
777 15500.0000 7000.0000
778 15050.0000 6650.0000
779 14900.0000 6550.0000
780 14800.0000 6450.0000
781 14650.0000 6550.0000
782 14650.0000 7000.0000
783 14550.0000 6550.0000
784 14300.0000 6500.0000
785 14150.0000 6400.0000
786 14000.0000 6550.0000
787 13750.0000 6700.0000
788 13750.0000 6350.0000
789 13750.0000 5950.0000
790 13600.0000 5850.0000
791 13450.0000 5950.0000
792 13300.0000 5950.0000
793 13450.0000 6350.0000
794 13300.0000 6350.0000
795 12750.0000 7000.0000
796 12800.0000 7450.0000
797 12800.0000 7550.0000
798 13400.0000 7850.0000
799 13750.0000 7800.0000
800 13900.0000 7750.0000
801 13750.0000 7300.0000
802 13950.0000 7450.0000
803 14150.0000 7450.0000
804 14050.0000 7650.0000
805 14050.0000 7900.0000
806 14150.0000 8150.0000
807 13900.0000 8250.0000
808 13750.0000 8250.0000
809 14050.0000 8750.0000
810 14050.0000 8950.0000
811 13750.0000 9250.0000
812 13800.0000 9450.0000
813 14000.0000 9750.0000
814 13800.0000 9950.0000
815 13800.0000 10150.0000
816 13600.0000 10150.0000
817 13400.0000 10150.0000
818 13700.0000 9850.0000
819 13550.0000 9700.0000
820 13700.0000 9450.0000
821 13550.0000 9200.0000
822 13400.0000 9250.0000
823 13250.0000 9500.0000
824 12950.0000 9450.0000
825 12800.0000 9350.0000
826 12800.0000 10650.0000
827 12950.0000 10450.0000
828 13250.0000 10500.0000
829 13100.0000 11100.0000
830 13250.0000 11200.0000
831 13250.0000 11400.0000
832 13100.0000 11600.0000
833 13400.0000 11550.0000
834 13400.0000 11400.0000
835 13400.0000 11150.0000
836 13600.0000 11150.0000
837 13800.0000 11150.0000
838 14100.0000 11100.0000
839 14100.0000 10850.0000
840 14050.0000 10550.0000
841 14000.0000 10250.0000
842 15100.0000 9750.0000
843 15100.0000 10250.0000
844 15450.0000 10250.0000
845 15600.0000 10250.0000
846 15750.0000 10200.0000
847 15900.0000 10300.0000
848 15700.0000 10300.0000
849 15650.0000 10400.0000
850 15450.0000 10550.0000
851 15150.0000 10550.0000
852 15100.0000 10850.0000
853 15450.0000 10850.0000
854 15550.0000 11050.0000
855 15650.0000 11050.0000
856 15700.0000 11150.0000
857 15450.0000 11150.0000
858 15100.0000 11100.0000
859 15450.0000 11650.0000
860 15550.0000 11550.0000
861 15950.0000 11550.0000
862 15850.0000 11350.0000
863 16050.0000 11350.0000
864 16000.0000 11150.0000
865 16150.0000 11050.0000
866 16450.0000 11250.0000
867 16450.0000 10650.0000
868 16500.0000 10500.0000
869 16700.0000 10500.0000
870 16700.0000 10200.0000
871 16600.0000 10250.0000
872 16550.0000 10400.0000
873 16400.0000 10450.0000
874 16200.0000 10300.0000
875 16350.0000 10200.0000
876 16500.0000 10050.0000
877 16300.0000 9950.0000
878 16500.0000 9800.0000
879 16600.0000 9750.0000
880 16800.0000 9650.0000
881 16800.0000 9350.0000
882 16800.0000 9150.0000
883 16800.0000 9000.0000
884 16500.0000 9000.0000
885 16400.0000 9000.0000
886 16450.0000 9250.0000
887 16200.0000 9150.0000
888 16300.0000 9350.0000
889 16200.0000 9650.0000
890 16200.0000 9800.0000
891 16100.0000 9800.0000
892 16000.0000 10050.0000
893 15900.0000 10050.0000
894 15700.0000 9950.0000
895 15600.0000 10050.0000
896 15600.0000 9800.0000
897 15450.0000 9750.0000
898 15500.0000 9600.0000
899 15650.0000 9200.0000
900 15750.0000 8950.0000
901 15750.0000 8850.0000
902 15850.0000 8850.0000
903 15650.0000 8600.0000
904 15650.0000 8500.0000
905 15500.0000 8450.0000
906 15500.0000 8600.0000
907 15050.0000 8950.0000
908 15050.0000 8750.0000
909 15150.0000 8150.0000
910 15050.0000 7900.0000
911 15050.0000 7650.0000
912 15150.0000 7450.0000
913 15400.0000 7350.0000
914 15450.0000 7650.0000
915 15500.0000 7850.0000
916 15900.0000 8350.0000
917 15950.0000 8600.0000
918 16000.0000 8700.0000
919 16000.0000 9000.0000
920 16100.0000 9000.0000
921 16199.0000 8856.0000
922 16199.0000 8750.0000
923 16305.0000 8749.0000
924 16250.0000 8600.0000
925 16250.0000 8500.0000
926 16100.0000 8000.0000
927 16400.0000 8350.0000
928 16700.0000 8000.0000
929 16850.0000 7650.0000
930 16500.0000 7350.0000
931 16600.0000 6750.0000
932 16600.0000 6600.0000
933 16300.0000 6000.0000
934 16103.0000 6057.0000
935 15998.0000 6057.0000
936 16104.0000 5950.0000
937 16200.0000 5800.0000
938 16100.0000 5700.0000
939 16050.0000 5500.0000
940 16300.0000 5500.0000
941 16600.0000 5500.0000
942 16600.0000 5100.0000
943 16850.0000 4900.0000
944 16850.0000 4750.0000
945 16850.0000 4150.0000
946 16850.0000 4050.0000
947 16850.0000 3900.0000
948 16850.0000 3800.0000
949 16450.0000 3900.0000
950 16350.0000 3800.0000
951 16350.0000 4050.0000
952 16450.0000 4150.0000
953 16150.0000 4900.0000
954 16200.0000 5050.0000
955 16200.0000 5300.0000
956 16100.0000 5200.0000
957 15750.0000 5500.0000
958 15606.0000 5606.0000
959 15499.0000 5607.0000
960 15498.0000 5500.0000
961 15750.0000 5000.0000
962 15600.0000 4800.0000
963 15500.0000 4450.0000
964 15600.0000 4400.0000
965 15600.0000 4150.0000
966 15500.0000 3950.0000
967 15500.0000 3800.0000
968 15350.0000 3750.0000
969 15250.0000 3450.0000
970 15350.0000 3050.0000
971 15500.0000 3200.0000
972 15500.0000 3300.0000
973 15600.0000 3650.0000
974 15648.0000 3556.0000
975 15648.0000 3450.0000
976 15754.0000 3557.0000
977 15950.0000 3750.0000
978 15950.0000 3650.0000
979 15950.0000 3450.0000
980 15754.0000 3206.0000
981 15648.0000 3206.0000
982 15648.0000 3099.0000
983 15950.0000 2950.0000
984 15950.0000 2800.0000
985 15800.0000 2800.0000
986 15650.0000 2800.0000
987 15500.0000 2800.0000
988 15650.0000 2300.0000
989 15800.0000 2300.0000
990 15950.0000 2300.0000
991 6450.0000 4950.0000
992 11200.0000 4950.0000
993 15950.0000 4950.0000
994 5050.0000 5750.0000
995 5050.0000 8450.0000
996 5050.0000 11650.0000
997 9800.0000 5750.0000
998 9800.0000 8450.0000
999 9800.0000 11650.0000
1000 14550.0000 5750.0000
1001 14550.0000 8450.0000
1002 14550.0000 11650.0000
