1 1357.0000 1905.0000
2 2650.0000 802.0000
3 1774.0000 107.0000
4 1307.0000 964.0000
5 3806.0000 746.0000
6 2687.0000 1353.0000
7 43.0000 1957.0000
8 3092.0000 1668.0000
9 185.0000 1542.0000
10 834.0000 629.0000
11 40.0000 462.0000
12 1183.0000 1391.0000
13 2048.0000 1628.0000
14 1097.0000 643.0000
15 1838.0000 1732.0000
16 234.0000 1118.0000
17 3314.0000 1881.0000
18 737.0000 1285.0000
19 779.0000 777.0000
20 2312.0000 1949.0000
21 2576.0000 189.0000
22 3078.0000 1541.0000
23 2781.0000 478.0000
24 705.0000 1812.0000
25 3409.0000 1917.0000
26 323.0000 1714.0000
27 1660.0000 1556.0000
28 3729.0000 1188.0000
29 693.0000 1383.0000
30 2361.0000 640.0000
31 2433.0000 1538.0000
32 554.0000 1825.0000
33 913.0000 317.0000
34 3586.0000 1909.0000
35 2636.0000 727.0000
36 1000.0000 457.0000
37 482.0000 1337.0000
38 3704.0000 1082.0000
39 3635.0000 1174.0000
40 1362.0000 1526.0000
41 2049.0000 417.0000
42 2552.0000 1909.0000
43 3939.0000 640.0000
44 219.0000 898.0000
45 812.0000 351.0000
46 901.0000 1552.0000
47 2513.0000 1572.0000
48 242.0000 584.0000
49 826.0000 1226.0000
50 3278.0000 799.0000
51 86.0000 1065.0000
52 14.0000 454.0000
53 1327.0000 1893.0000
54 2773.0000 1286.0000
55 2469.0000 1838.0000
56 3835.0000 963.0000
57 1031.0000 428.0000
58 3853.0000 1712.0000
59 1868.0000 197.0000
60 1544.0000 863.0000
61 457.0000 1607.0000
62 3174.0000 1064.0000
63 192.0000 1004.0000
64 2318.0000 1925.0000
65 2232.0000 1374.0000
66 396.0000 828.0000
67 2365.0000 1649.0000
68 2499.0000 658.0000
69 1410.0000 307.0000
70 2990.0000 214.0000
71 3646.0000 1018.0000
72 3394.0000 1028.0000
73 1779.0000 90.0000
74 1058.0000 372.0000
75 2933.0000 1459.0000
76 3099.0000 173.0000
77 2178.0000 978.0000
78 138.0000 1610.0000
79 2082.0000 1753.0000
80 2302.0000 1127.0000
81 805.0000 272.0000
82 22.0000 1617.0000
83 3213.0000 1085.0000
84 99.0000 536.0000
85 1533.0000 1780.0000
86 3564.0000 676.0000
87 29.0000 6.0000
88 3808.0000 1375.0000
89 2221.0000 291.0000
90 3499.0000 1885.0000
91 3124.0000 408.0000
92 781.0000 671.0000
93 1027.0000 1041.0000
94 3249.0000 378.0000
95 3297.0000 491.0000
96 213.0000 220.0000
97 721.0000 186.0000
98 3736.0000 1542.0000
99 868.0000 731.0000
100 960.0000 303.0000
101 3825.0000 1101.0000
102 2779.0000 435.0000
103 201.0000 693.0000
104 2502.0000 1274.0000
105 765.0000 833.0000
106 3105.0000 1823.0000
107 1937.0000 1400.0000
108 3364.0000 1498.0000
109 3702.0000 1624.0000
110 2164.0000 1874.0000
111 3019.0000 189.0000
112 3098.0000 1594.0000
113 3239.0000 1376.0000
114 3359.0000 1693.0000
115 2081.0000 1011.0000
116 1398.0000 1100.0000
117 618.0000 1953.0000
118 1878.0000 59.0000
119 3803.0000 886.0000
120 397.0000 1217.0000
121 3035.0000 152.0000
122 2502.0000 146.0000
123 3230.0000 380.0000
124 3479.0000 1023.0000
125 958.0000 1670.0000
126 3423.0000 1241.0000
127 78.0000 1066.0000
128 96.0000 691.0000
129 3431.0000 78.0000
130 2053.0000 1461.0000
131 3048.0000 1.0000
132 571.0000 1711.0000
133 3393.0000 782.0000
134 2835.0000 1472.0000
135 144.0000 1185.0000
136 923.0000 108.0000
137 989.0000 1997.0000
138 3061.0000 1211.0000
139 2977.0000 39.0000
140 1668.0000 658.0000
141 878.0000 715.0000
142 678.0000 1599.0000
143 1086.0000 868.0000
144 640.0000 110.0000
145 3551.0000 1673.0000
146 106.0000 1267.0000
147 2243.0000 1332.0000
148 3796.0000 1401.0000
149 2643.0000 1320.0000
150 48.0000 267.0000
