1 37.0000 52.0000
2 49.0000 49.0000
3 52.0000 64.0000
4 20.0000 26.0000
5 40.0000 30.0000
6 21.0000 47.0000
7 17.0000 63.0000
8 31.0000 62.0000
9 52.0000 33.0000
10 51.0000 21.0000
11 42.0000 41.0000
12 31.0000 32.0000
13 5.0000 25.0000
14 12.0000 42.0000
15 36.0000 16.0000
16 52.0000 41.0000
17 27.0000 23.0000
18 17.0000 33.0000
19 13.0000 13.0000
20 57.0000 58.0000
21 62.0000 42.0000
22 42.0000 57.0000
23 16.0000 57.0000
24 8.0000 52.0000
25 7.0000 38.0000
26 27.0000 68.0000
27 30.0000 48.0000
28 43.0000 67.0000
29 58.0000 48.0000
30 58.0000 27.0000
31 37.0000 69.0000
32 38.0000 46.0000
33 46.0000 10.0000
34 61.0000 33.0000
35 62.0000 63.0000
36 63.0000 69.0000
37 32.0000 22.0000
38 45.0000 35.0000
39 59.0000 15.0000
40 5.0000 6.0000
41 10.0000 17.0000
42 21.0000 10.0000
43 5.0000 64.0000
44 30.0000 15.0000
45 39.0000 10.0000
46 32.0000 39.0000
47 25.0000 32.0000
48 25.0000 55.0000
49 48.0000 28.0000
50 56.0000 37.0000
51 30.0000 40.0000